,tweet_id,favorites,retweets
0,892420643555336193,39097,8695
1,892177421306343426,33487,6383
2,891815181378084864,25236,4241
3,891689557279858688,42468,8795
4,891327558926688256,40622,9576
5,891087950875897856,20377,3178
6,890971913173991426,11943,2115
7,890729181411237888,66063,19274
8,890609185150312448,27977,4339
9,890240255349198849,32194,7566
10,890006608113172480,30862,7473
11,889880896479866881,27994,5058
12,889665388333682689,48353,10255
13,889638837579907072,27382,4632
14,889531135344209921,15212,2272
15,889278841981685760,25484,5545
16,888917238123831296,29306,4593
17,888804989199671297,25789,4445
18,888554962724278272,20080,3667
19,888078434458587136,21942,3584
20,887705289381826560,30423,5502
21,887517139158093824,46563,11885
22,887473957103951883,69668,18594
23,887343217045368832,33928,10594
24,887101392804085760,30788,6074
25,886983233522544640,35469,7922
26,886736880519319552,12179,3364
27,886680336477933568,22600,4551
28,886366144734445568,21284,3248
29,886267009285017600,117,4
30,886258384151887873,28190,6408
31,886054160059072513,0,105
32,885984800019947520,32978,6939
33,885528943205470208,36274,6559
34,885518971528720385,20575,3836
35,885311592912609280,0,18927
36,885167619883638784,22113,4458
37,884925521741709313,78183,18877
38,884876753390489601,28171,5963
39,884562892145688576,24498,5019
40,884441805382717440,27201,5766
41,884247878851493888,73555,20805
42,884162670584377345,20535,3046
43,883838122936631299,22072,3517
44,883482846933004288,46327,10180
45,883360690899218434,22728,3760
46,883117836046086144,37521,6803
47,882992080364220416,24137,4020
48,882762694511734784,28549,5014
49,882627270321602560,28096,6208
50,882268110199369728,45314,11830
51,882045870035918850,29585,5085
52,881906580714921986,24478,3454
53,881666595344535552,50965,10905
54,881633300179243008,129,7
55,881536004380872706,49832,16295
56,881268444196462592,23242,5249
57,880935762899988482,17137,2836
58,880872448815771648,21470,3907
59,880465832366813184,28749,6410
60,880221127280381952,27310,4327
61,880095782870896641,27832,4444
62,879862464715927552,22461,3572
63,879674319642796034,314,10
64,879492040517615616,23583,3255
65,879415818425184262,106749,45089
66,879376492567855104,16894,3177
67,879130579576475649,0,7014
68,879050749262655488,22774,4826
69,879008229531029506,19101,2748
70,878776093423087618,19534,4224
71,878604707211726852,30533,7412
72,878404777348136964,0,1324
73,878316110768087041,0,6817
74,878281511006478336,7830,1324
75,878057613040115712,42387,7014
76,877736472329191424,80704,19647
77,877611172832227328,0,82
78,877556246731214848,22995,3914
79,877316821321428993,27593,5311
80,877201837425926144,27379,5727
81,876838120628539392,20867,3447
82,876537666061221889,23604,4711
83,876484053909872640,18936,2466
84,876120275196170240,28152,4804
85,875747767867523072,25438,4402
86,875144289856114688,22115,5043
87,875097192612077568,27653,6207
88,875021211251597312,25728,4818
89,874680097055178752,28132,4763
90,874434818259525634,0,15192
91,874296783580663808,26320,4231
92,874057562936811520,22871,4059
93,874012996292530176,35060,10761
94,873580283840344065,24511,4048
95,873337748698140672,0,1634
96,873213775632977920,7359,1634
97,872967104147763200,27699,5560
98,872820683541237760,14873,3808
99,872668790621863937,0,30
100,872620804844003328,21043,3823
101,872486979161796608,41095,9253
102,872261713294495745,34669,6526
103,872122724285648897,34889,8376
104,871879754684805121,38590,11617
105,871762521631449091,20535,3588
106,871515927908634625,20500,3558
107,871166179821445120,0,5881
108,871102520638267392,21205,5661
109,871032628920680449,22988,3923
110,870804317367881728,34134,6439
111,870726314365509632,120,3
112,870656317836468226,12651,2754
113,870374049280663552,83959,27157
114,870308999962521604,22177,4298
115,870063196459192321,37295,8649
116,869772420881756160,43156,10437
117,869702957897576449,28751,6571
118,869596645499047938,16268,3255
119,869227993411051520,20838,3941
120,868880397819494401,66880,15069
121,868639477480148993,0,2186
122,868622495443632128,27921,6161
123,868552278524837888,10388,2186
124,867900495410671616,24677,4358
125,867774946302451713,34713,7641
126,867421006826221569,16528,2634
127,867072653475098625,0,132
128,867051520902168576,32987,8249
129,866720684873056260,20607,5061
130,866686824827068416,19821,3652
131,866450705531457537,124784,36866
132,866334964761202691,53947,15192
133,866094527597207552,0,8766
134,865718153858494464,26271,5878
135,865359393868664832,27173,5256
136,865006731092295680,28734,8069
137,864873206498414592,33224,9195
138,864279568663928832,15008,3214
139,864197398364647424,31024,9427
140,863907417377173506,21206,4357
141,863553081350529029,15729,4390
142,863471782782697472,0,2619
143,863432100342583297,24483,5561
144,863427515083354112,2327,103
145,863079547188785154,9004,1163
146,863062471531167744,8816,2619
147,862831371563274240,19759,5350
148,862722525377298433,17574,3735
149,862457590147678208,21189,5256
150,862096992088072192,77029,24640
151,861383897657036800,37244,11314
152,861288531465048066,17761,4413
153,861005113778896900,17283,4033
154,860981674716409858,0,2285
155,860924035999428608,0,868
156,860563773140209665,7761,2285
157,860524505164394496,24394,5585
158,860276583193509888,18916,3682
159,860184849394610176,17244,6200
160,860177593139703809,0,32759
161,859924526012018688,19770,4273
162,859851578198683649,15913,3718
163,859607811541651456,19235,1672
164,859196978902773760,93311,32185
165,859074603037188101,35124,14478
166,858860390427611136,0,8651
167,858843525470990336,16109,3697
168,858471635011153920,22314,5162
169,858107933456039936,16318,3100
170,857989990357356544,16732,2756
171,857746408056729600,35564,11308
172,857393404942143489,6144,1744
173,857263160327368704,20763,4836
174,857214891891077121,240,20
175,857062103051644929,0,181
176,857029823797047296,19656,4282
177,856602993587888130,0,11431
178,856543823941562368,16940,3082
179,856526610513747968,12305,2018
180,856330835276025856,0,722
181,856288084350160898,534,17
182,856282028240666624,28746,6735
183,855862651834028034,361,28
184,855860136149123072,5008,1103
185,855857698524602368,12336,2273
186,855851453814013952,47270,18898
187,855818117272018944,27708,5840
188,855459453768019968,31264,8849
189,855245323840757760,0,6436
190,855138241867124737,0,49
191,854732716440526848,23887,6563
192,854482394044301312,30699,7439
193,854365224396361728,19775,5063
194,854120357044912130,33438,8128
195,854010172552949760,16951,3387
196,853760880890318849,30029,6273
197,853639147608842240,36667,11038
198,853299958564483072,16308,3858
199,852936405516943360,0,2190
200,852912242202992640,9495,2000
201,852672615818899456,15704,2333
202,852553447878664193,17259,3816
203,852311364735569921,34872,10767
204,852226086759018497,21076,7430
205,852189679701164033,12067,1717
206,851953902622658560,0,10497
207,851861385021730816,0,23
208,851591660324737024,17093,3771
209,851464819735769094,25630,7709
210,851224888060895234,21814,6242
211,850753642995093505,32884,10163
212,850380195714523136,13807,2856
213,850333567704068097,3605,362
214,850145622816686080,17291,4171
215,850019790995546112,21658,5364
216,849776966551130114,32287,8329
217,849668094696017920,0,5422
218,849412302885593088,16826,3431
219,849336543269576704,12102,2067
220,849051919805034497,44594,9316
221,848690551926992896,26749,4735
222,848324959059550208,26291,5045
223,848213670039564288,8696,818
224,848212111729840128,17370,3378
225,847978865427394560,0,3582
226,847971574464610304,0,471
227,847962785489326080,24958,5640
228,847842811428974592,5850,1485
229,847617282490613760,7453,459
230,847606175596138505,19933,3707
231,847251039262605312,21717,4709
232,847157206088847362,21270,6445
233,847116187444137987,22801,3513
234,846874817362120707,21384,4330
235,846514051647705089,47668,12806
236,846505985330044928,15084,3416
237,846153765933735936,33884,10007
238,846139713627017216,32817,10788
239,846042936437604353,17055,3171
240,845812042753855489,31261,9670
241,845677943972139009,26785,5267
242,845459076796616705,0,14761
243,845397057150107648,8133,2026
244,845306882940190720,24902,5941
245,845098359547420673,0,8484
246,844979544864018432,14546,2855
247,844973813909606400,16152,3545
248,844704788403113984,41409,11431
249,844580511645339650,17604,3467
250,844223788422217728,14572,2418
251,843981021012017153,16123,3221
252,843856843873095681,22891,5132
253,843604394117681152,18070,3026
254,843235543001513987,23011,6718
255,842846295480000512,16252,3946
256,842765311967449089,7221,1417
257,842535590457499648,19363,3865
258,842163532590374912,26239,6436
259,842115215311396866,15022,3336
260,841833993020538882,0,17104
261,841680585030541313,27473,8600
262,841439858740625411,13562,4092
263,841320156043304961,21142,6003
264,841314665196081154,17032,5218
265,841077006473256960,24582,5881
266,840761248237133825,0,1944
267,840728873075638272,0,17953
268,840698636975636481,195,3
269,840696689258311684,13208,1097
270,840632337062862849,9644,1944
271,840370681858686976,17686,5061
272,840268004936019968,20696,6369
273,839990271299457024,14421,2549
274,839549326359670784,29578,8651
275,839290600511926273,0,157
276,839239871831150596,29253,7294
277,838952994649550848,21076,4436
278,838921590096166913,12016,2309
279,838916489579200512,0,37
280,838831947270979586,0,12361
281,838561493054533637,11733,1477
282,838476387338051585,24321,5379
283,838201503651401729,0,11276
284,838150277551247360,1804,361
285,838085839343206401,148,0
286,838083903487373313,18955,3507
287,837820167694528512,36812,8766
288,837482249356513284,4144,490
289,837471256429613056,13793,2573
290,837366284874571778,22741,5908
291,837110210464448512,17249,2685
292,836989968035819520,13699,2562
293,836753516572119041,20737,5150
294,836677758902222849,13581,2473
295,836648853927522308,0,615
296,836397794269200385,0,30752
297,836380477523124226,15849,3284
298,836260088725786625,22884,4776
299,836001077879255040,20618,4836
300,835685285446955009,0,9156
301,835574547218894849,19197,4059
302,835536468978302976,0,1899
303,835309094223372289,0,23531
304,835297930240217089,17646,3336
305,835264098648616962,8372,1899
306,835246439529840640,2240,81
307,835172783151792128,28170,6416
308,835152434251116546,24227,3382
309,834931633769889797,11685,1844
310,834786237630337024,22691,6073
311,834574053763584002,14799,2828
312,834477809192075265,0,11947
313,834458053273591808,10380,1870
314,834209720923721728,22252,5362
315,834167344700198914,16976,4058
316,834089966724603904,10840,2375
317,834086379323871233,14106,2471
318,833863086058651648,14473,2681
319,833826103416520705,16541,3841
320,833732339549220864,0,243
321,833722901757046785,22309,3574
322,833479644947025920,16051,2306
323,833124694597443584,21848,5422
324,832998151111966721,14381,2481
325,832769181346996225,0,44
326,832757312314028032,18201,4044
327,832682457690300417,12852,3306
328,832645525019123713,3150,581
329,832636094638288896,17155,3148
330,832397543355072512,12946,2497
331,832369877331693569,18554,3582
332,832273440279240704,12222,2612
333,832215909146226688,0,6930
334,832215726631055365,0,10492
335,832088576586297345,72,2
336,832040443403784192,0,10902
337,832032802820481025,19325,5226
338,831939777352105988,25980,6893
339,831926988323639298,368,37
340,831911600680497154,29952,7313
341,831670449226514432,11320,2029
342,831650051525054464,7776,2190
343,831552930092285952,9745,2569
344,831322785565769729,9927,1714
345,831315979191906304,7021,1246
346,831309418084069378,12671,2730
347,831262627380748289,12901,2306
348,830956169170665475,8625,1699
349,830583320585068544,72495,18927
350,830173239259324417,0,6414
351,830097400375152640,10662,3384
352,829878982036299777,0,5640
353,829861396166877184,13280,2203
354,829501995190984704,34417,11947
355,829449946868879360,11383,2289
356,829374341691346946,37610,10497
357,829141528400556032,26611,8348
358,829011960981237760,57467,18252
359,828801551087042563,0,3827
360,828770345708580865,27737,6614
361,828708714936930305,39721,12617
362,828650029636317184,10336,1511
363,828409743546925057,6825,1288
364,828408677031882754,8302,1441
365,828381636999917570,13704,2494
366,828376505180889089,8023,1191
367,828372645993398273,13590,3284
368,828361771580813312,2378,192
369,828046555563323392,12788,3209
370,828011680017821696,11248,2404
371,827933404142436356,21900,5883
372,827653905312006145,16775,3373
373,827600520311402496,8056,1060
374,827324948884643840,17261,3436
375,827199976799354881,11511,2522
376,826958653328592898,23462,5640
377,826848821049180160,39758,11594
378,826615380357632002,0,4440
379,826598799820865537,5564,288
380,826598365270007810,10960,2648
381,826476773533745153,20021,4729
382,826240494070030336,14430,2920
383,826204788643753985,5288,1058
384,826115272272650244,17075,3538
385,825876512159186944,11373,2106
386,825829644528148480,13851,2806
387,825535076884762624,56618,19399
388,825147591692263424,19937,5162
389,825120256414846976,0,1453
390,825026590719483904,6923,1453
391,824796380199809024,0,6189
392,824775126675836928,16298,3982
393,824663926340194305,10969,1958
394,824325613288833024,12825,11682
395,824297048279236611,16390,4372
396,824025158776213504,5195,671
397,823939628516474880,11604,3062
398,823719002937630720,0,12723
399,823699002998870016,13679,2723
400,823581115634085888,14209,2991
401,823333489516937216,764,30
402,823322678127919110,17189,4550
403,823269594223824897,0,11163
404,822975315408461824,18879,3887
405,822872901745569793,144167,49716
406,822859134160621569,14407,2578
407,822647212903690241,0,7244
408,822610361945911296,16115,3351
409,822489057087389700,19816,7244
410,822462944365645825,31304,16768
411,822244816520155136,38295,11163
412,822163064745328640,0,5459
413,821886076407029760,12411,2644
414,821813639212650496,0,3770
415,821765923262631936,9211,1873
416,821522889702862852,8756,1998
417,821421320206483457,0,6336
418,821407182352777218,12896,4944
419,821153421864615936,275,10
420,821149554670182400,9564,2274
421,821107785811234820,10503,2421
422,821044531881721856,13841,2587
423,820837357901512704,0,7586
424,820749716845686786,34521,11276
425,820690176645140481,13368,3648
426,820494788566847489,0,639
427,820446719150292993,0,2924
428,820314633777061888,3656,639
429,820078625395449857,21660,7115
430,820013781606658049,0,1337
431,819952236453363712,5831,1337
432,819924195358416896,14072,5498
433,819711362133872643,14709,3549
434,819588359383371776,10470,2225
435,819347104292290561,7905,1360
436,819238181065359361,2511,454
437,819227688460238848,25277,7586
438,819015337530290176,0,41448
439,819015331746349057,0,21390
440,819006400881917954,49327,21390
441,819004803107983360,94311,41448
442,818646164899774465,0,23631
443,818627210458333184,24272,8421
444,818614493328580609,10811,2927
445,818588835076603904,0,6989
446,818536468981415936,11968,2807
447,818307523543449600,0,9200
448,818259473185828864,12039,2577
449,818145370475810820,13484,2946
450,817908911860748288,5291,894
451,817827839487737858,56848,30752
452,817777686764523521,11732,3024
453,817536400337801217,12932,3443
454,817502432452313088,0,3847
455,817423860136083457,37618,17104
456,817415592588222464,6160,1097
457,817181837579653120,0,9688
458,817171292965273600,9561,2278
459,817120970343411712,13209,2960
460,817056546584727552,9392,1878
461,816829038950027264,0,5377
462,816816676327063552,10947,2317
463,816697700272001025,10760,2494
464,816450570814898180,33527,9200
465,816336735214911488,9438,2225
466,816091915477250048,9788,2451
467,816062466425819140,0,1184
468,816014286006976512,0,6046
469,815990720817401858,5475,1184
470,815966073409433600,24694,9688
471,815745968457060357,0,4695
472,815736392542261248,10790,2575
473,815639385530101762,9041,1872
474,815390420867969024,11319,4316
475,814986499976527872,8372,1477
476,814638523311648768,12365,3076
477,814578408554463233,0,6636
478,814530161257443328,9514,2109
479,814153002265309185,31567,9894
480,813944609378369540,0,3672
481,813910438903693312,10201,2144
482,813812741911748608,39849,15953
483,813800681631023104,9173,2012
484,813217897535406080,20505,8293
485,813202720496779264,10069,2051
486,813187593374461952,21781,4964
487,813172488309972993,10256,2186
488,813157409116065792,8479,2513
489,813142292504645637,9235,2673
490,813130366689148928,4898,501
491,813127251579564032,13058,3576
492,813112105746448384,11352,3152
493,813096984823349248,11539,4122
494,813081950185472002,10836,3151
495,813066809284972545,8737,2218
496,813051746834595840,22990,8323
497,812781120811126785,8301,2168
498,812747805718642688,0,7925
499,812709060537683968,7282,1638
500,812503143955202048,6699,1397
501,812466873996607488,8790,2189
502,812372279581671427,15042,4184
503,811985624773361665,7994,1599
504,811744202451197953,8304,1835
505,811647686436880384,6122,844
506,811627233043480576,14081,3574
507,811386762094317568,22972,7285
508,810984652412424192,5864,1624
509,810896069567610880,9959,2038
510,810657578271330305,12052,3006
511,810284430598270976,39066,13058
512,810254108431155201,16157,3827
513,809920764300447744,17025,4440
514,809808892968534016,0,5592
515,809448704142938112,7620,1669
516,809220051211603969,21934,6414
517,809084759137812480,14502,3984
518,808838249661788160,11114,3458
519,808733504066486276,8687,2462
520,808501579447930884,12414,2951
521,808344865868283904,46694,23631
522,808134635716833280,0,6815
523,808106460588765185,9585,2476
524,808001312164028416,13813,4018
525,807621403335917568,16034,4196
526,807106840509214720,123778,61850
527,807059379405148160,0,8358
528,807010152071229440,14336,4342
529,806629075125202948,82862,39971
530,806620845233815552,0,6291
531,806576416489959424,5310,2196
532,806542213899489280,11231,2712
533,806242860592926720,0,13334
534,806219024703037440,7046,1368
535,805958939288408065,0,6120
536,805932879469572096,9087,2167
537,805826884734976000,7239,2087
538,805823200554876929,0,9199
539,805520635690676224,6295,1883
540,805487436403003392,9644,2882
541,805207613751304193,8561,1928
542,804738756058218496,15132,4385
543,804475857670639616,6779,2303
544,804413760345620481,0,3662
545,804026241225523202,49133,18525
546,803773340896923648,11065,3157
547,803692223237865472,0,8510
548,803638050916102144,12097,4730
549,803380650405482500,8513,2124
550,803321560782307329,0,6094
551,803276597545603072,11053,2816
552,802952499103731712,9956,2284
553,802624713319034886,0,3339
554,802600418706604034,7844,1674
555,802572683846291456,9842,2865
556,802323869084381190,17881,6673
557,802265048156610565,6945,1546
558,802239329049477120,9984,2982
559,802185808107208704,0,309
560,801958328846974976,8490,1947
561,801854953262350336,1935,267
562,801538201127157760,9023,2344
563,801285448605831168,6688,943
564,801167903437357056,27022,6815
565,801127390143516673,0,4541
566,801115127852503040,8891,2378
567,800859414831898624,767,111
568,800855607700029440,0,1859
569,800751577355128832,11561,3159
570,800513324630806528,14491,3427
571,800459316964663297,10400,2443
572,800443802682937345,0,4941
573,800388270626521089,12288,3191
574,800188575492947969,0,4495
575,800141422401830912,16862,2924
576,800018252395122689,31327,15052
577,799774291445383169,0,5371
578,799757965289017345,9275,2463
579,799422933579902976,8852,2177
580,799308762079035393,0,6340
581,799297110730567681,10921,3172
582,799063482566066176,8932,2810
583,798933969379225600,14514,5104
584,798925684722855936,8179,1638
585,798705661114773508,0,7550
586,798701998996647937,0,8930
587,798697898615730177,0,7450
588,798694562394996736,0,5698
589,798686750113755136,0,2652
590,798682547630837760,0,5416
591,798673117451325440,0,6369
592,798665375516884993,0,4440
593,798644042770751489,0,2112
594,798628517273620480,0,2237
595,798585098161549313,0,6521
596,798576900688019456,0,6744
597,798340744599797760,0,3846
598,798209839306514432,11418,2906
599,797971864723324932,12853,3590
600,797545162159308800,16003,5535
601,797236660651966464,22050,7571
602,797165961484890113,254,32
603,796904159865868288,0,10209
604,796865951799083009,8451,2161
605,796759840936919040,13090,3504
606,796563435802726400,0,8360
607,796484825502875648,8367,2012
608,796387464403357696,12161,4751
609,796177847564038144,0,16343
610,796149749086875649,35702,16343
611,796125600683540480,5458,2041
612,796116448414461957,10016,2762
613,796080075804475393,9324,2639
614,796031486298386433,11913,4221
615,795464331001561088,54999,27228
616,795400264262053889,11143,3265
617,795076730285391872,17908,6189
618,794983741416415232,0,3851
619,794926597468000259,11339,2647
620,794355576146903043,0,11778
621,794332329137291264,10552,3023
622,794205286408003585,10166,3806
623,793962221541933056,18612,5592
624,793845145112371200,10154,2141
625,793614319594401792,0,3585
626,793601777308463104,8805,1868
627,793500921481273345,11785,2722
628,793286476301799424,27181,10492
629,793271401113350145,9536,2695
630,793256262322548741,22051,9521
631,793241302385262592,11628,3739
632,793226087023144960,10853,3274
633,793210959003287553,9863,3231
634,793195938047070209,16843,6410
635,793180763617361921,7627,2262
636,793165685325201412,10368,3182
637,793150605191548928,6807,1955
638,793135492858580992,7121,2839
639,793120401413079041,14001,4470
640,792913359805018113,15831,4617
641,792883833364439040,12483,4882
642,792773781206999040,8100,1922
643,792394556390137856,14910,4903
644,792050063153438720,7929,2049
645,791821351946420224,0,24062
646,791784077045166082,0,11054
647,791780927877898241,0,4349
648,791774931465953280,49686,25370
649,791672322847637504,12966,3585
650,791406955684368384,14485,4695
651,791312159183634433,9702,2902
652,791026214425268224,0,4723
653,790987426131050500,10931,2435
654,790946055508652032,18316,5377
655,790723298204217344,0,2650
656,790698755171364864,9055,2167
657,790581949425475584,22821,8171
658,790337589677002753,8636,2133
659,790277117346975746,13858,3672
660,790227638568808452,0,4103
661,789986466051088384,10232,2650
662,789960241177853952,0,4752
663,789903600034189313,11466,4728
664,789628658055020548,8323,2035
665,789599242079838210,7505,2221
666,789530877013393408,12985,3851
667,789314372632018944,9498,2625
668,789280767834746880,0,5636
669,789268448748703744,10059,2956
670,789137962068021249,10713,3185
671,788908386943430656,30192,14169
672,788765914992902144,30287,11778
673,788552643979468800,0,8242
674,788412144018661376,17223,6065
675,788178268662984705,7984,2437
676,788150585577050112,6784,1486
677,788070120937619456,0,3889
678,788039637453406209,6770,1507
679,787810552592695296,9584,3485
680,787717603741622272,11268,3177
681,787397959788929025,11947,3228
682,787322443945877504,8598,1991
683,787111942498508800,0,7637
684,786963064373534720,29292,9156
685,786729988674449408,0,2765
686,786709082849828864,20025,6930
687,786664955043049472,11781,2939
688,786595970293370880,10367,3533
689,786363235746385920,12018,3997
690,786286427768250368,8806,3270
691,786233965241827333,16926,5459
692,786051337297522688,1592,176
693,786036967502913536,0,8051
694,785927819176054784,12533,3585
695,785872687017132033,7366,2083
696,785639753186217984,8602,2522
697,785533386513321988,10047,2295
698,785515384317313025,6716,1446
699,785264754247995392,8016,1868
700,785170936622350336,13324,5542
701,784826020293709826,11172,3662
702,784517518371221505,9889,2892
703,784431430411685888,6248,1457
704,784183165795655680,22171,9199
705,784057939640352768,32972,12723
706,783839966405230592,33176,12361
707,783821107061198850,8105,2234
708,783695101801398276,11489,3661
709,783466772167098368,9340,2561
710,783391753726550016,18621,6294
711,783347506784731136,0,6401
712,783334639985389568,32193,13334
713,783085703974514689,8972,2514
714,782969140009107456,26573,8358
715,782747134529531904,8211,1576
716,782722598790725632,18999,6120
717,782598640137187329,8579,2145
718,782305867769217024,18362,6336
719,782021823840026624,0,7110
720,781955203444699136,12199,3834
721,781661882474196992,11478,3080
722,781655249211752448,4404,1269
723,781524693396357120,22849,6291
724,781308096455073793,7859,2899
725,781251288990355457,9301,2393
726,781163403222056960,10737,3097
727,780931614150983680,23825,8360
728,780858289093574656,7913,2267
729,780800785462489090,6066,1470
730,780601303617732608,13313,3770
731,780543529827336192,6939,1976
732,780496263422808064,0,4239
733,780476555013349377,0,133
734,780459368902959104,5805,1204
735,780192070812196864,9579,2535
736,780092040432480260,0,2609
737,780074436359819264,13503,5682
738,779834332596887552,20947,8051
739,779377524342161408,9704,3537
740,779124354206535695,0,20912
741,779123168116150273,12989,4142
742,779056095788752897,16257,5128
743,778990705243029504,22009,8279
744,778774459159379968,0,11325
745,778764940568104960,944,415
746,778748913645780993,7593,1524
747,778650543019483137,6353,1695
748,778624900596654080,5112,1143
749,778408200802557953,14953,4925
750,778396591732486144,0,13916
751,778383385161035776,6431,1249
752,778286810187399168,11407,3760
753,778039087836069888,9310,2998
754,778027034220126208,7216,1845
755,777953400541634568,0,4001
756,777885040357281792,6984,1859
757,777684233540206592,12343,3339
758,777641927919427584,0,4840
759,777621514455814149,9613,2831
760,777189768882946048,15724,4911
761,776819012571455488,0,15567
762,776813020089548800,5366,1376
763,776477788987613185,9744,3181
764,776249906839351296,0,10424
765,776218204058357768,32912,18136
766,776201521193218049,10533,2853
767,776113305656188928,12903,4941
768,776088319444877312,2012,174
769,775898661951791106,0,17271
770,775842724423557120,12850,3044
771,775733305207554048,15214,4541
772,775729183532220416,14167,5204
773,775364825476165632,8177,3391
774,775350846108426240,11150,4448
775,775085132600442880,17046,5371
776,774757898236878852,9356,1994
777,774639387460112384,7391,1973
778,774314403806253056,23857,6340
779,773985732834758656,11760,4392
780,773922284943896577,7008,1954
781,773704687002451968,7220,1845
782,773670353721753600,5860,1467
783,773547596996571136,24181,6989
784,773336787167145985,0,5790
785,773308824254029826,25457,8484
786,773247561583001600,10267,3629
787,773191612633579521,10941,4648
788,772877495989305348,9406,4411
789,772826264096874500,8738,2624
790,772615324260794368,0,3824
791,772581559778025472,7107,1926
792,772193107915964416,6584,1567
793,772152991789019136,4131,1274
794,772117678702071809,4107,829
795,772114945936949249,2970,535
796,772102971039580160,4396,1046
797,771908950375665664,7205,2134
798,771770456517009408,13171,3846
799,771500966810099713,9053,2956
800,771380798096281600,11564,5790
801,771171053431250945,0,8544
802,771136648247640064,10084,3293
803,771102124360998913,6804,1624
804,771014301343748096,7548,1874
805,771004394259247104,0,247
806,770787852854652928,5427,1381
807,770772759874076672,5685,1591
808,770743923962707968,0,51478
809,770655142660169732,8024,1972
810,770414278348247044,6885,2334
811,770293558247038976,6826,1680
812,770093767776997377,0,3439
813,770069151037685760,8279,2601
814,769940425801170949,34440,10902
815,769695466921623552,7006,1888
816,769335591808995329,0,8683
817,769212283578875904,5911,1930
818,768970937022709760,15785,7401
819,768909767477751808,0,3069
820,768855141948723200,4597,1016
821,768609597686943744,4512,1362
822,768596291618299904,5513,1443
823,768554158521745409,0,6575
824,768473857036525572,14888,3873
825,768193404517830656,11950,4001
826,767884188863397888,5218,1593
827,767754930266464257,17549,6094
828,767500508068192258,8180,2639
829,767191397493538821,13443,4310
830,767122157629476866,11072,3207
831,766864461642756096,0,6394
832,766793450729734144,5571,1539
833,766714921925144576,2839,430
834,766693177336135680,4425,895
835,766423258543644672,6587,1793
836,766313316352462849,7407,2124
837,766078092750233600,0,2920
838,766069199026450432,4689,987
839,766008592277377025,4088,562
840,765719909049503744,7901,2429
841,765669560888528897,5669,1379
842,765395769549590528,28618,3810
843,765371061932261376,7744,2427
844,765222098633691136,12714,3824
845,764857477905154048,7006,1990
846,764259802650378240,6619,1714
847,763956972077010945,800,61
848,763837565564780549,13823,4723
849,763183847194451968,5929,1671
850,763167063695355904,0,3418
851,763103485927849985,8032,2557
852,762699858130116608,13334,4103
853,762471784394268675,12365,7391
854,762464539388485633,11340,4752
855,762316489655476224,5272,1270
856,762035686371364864,34937,17597
857,761976711479193600,5906,2274
858,761750502866649088,0,4447
859,761745352076779520,4660,963
860,761672994376806400,54121,32759
861,761599872357261312,4511,1317
862,761371037149827077,0,20163
863,761334018830917632,5705,1630
864,761292947749015552,4892,1241
865,761227390836215808,5824,1743
866,761004547850530816,12308,3889
867,760893934457552897,4181,1089
868,760656994973933572,7229,2164
869,760641137271070720,5406,1450
870,760539183865880579,8278,4083
871,760521673607086080,4625,1579
872,760290219849637889,29211,12899
873,760252756032651264,4297,977
874,760190180481531904,6238,2033
875,760153949710192640,0,37
876,759943073749200896,6489,2341
877,759923798737051648,16043,6394
878,759846353224826880,7331,2224
879,759793422261743616,6507,2142
880,759566828574212096,0,23872
881,759557299618865152,5129,1320
882,759447681597108224,9290,2765
883,759446261539934208,1830,553
884,759197388317847553,6623,2184
885,759159934323924993,0,1327
886,759099523532779520,15843,4723
887,759047813560868866,7121,2260
888,758854675097526272,3865,1007
889,758828659922702336,12209,4302
890,758740312047005698,6259,1796
891,758474966123810816,4163,1111
892,758467244762497024,5246,2495
893,758405701903519748,5671,2162
894,758355060040593408,3741,1218
895,758099635764359168,20973,11325
896,758041019896193024,2960,427
897,757741869644341248,7510,3642
898,757729163776290825,0,9151
899,757725642876129280,4951,1367
900,757611664640446465,4968,1248
901,757597904299253760,0,326
902,757596066325864448,4747,1186
903,757400162377592832,16503,7636
904,757393109802180609,6357,1967
905,757354760399941633,4928,1595
906,756998049151549440,6830,2229
907,756939218950160384,7238,2252
908,756651752796094464,5534,1485
909,756526248105566208,11345,4085
910,756303284449767430,4306,1204
911,756288534030475264,28048,14760
912,756275833623502848,7016,1714
913,755955933503782912,7978,3231
914,755206590534418437,17941,6032
915,755110668769038337,23105,12408
916,754874841593970688,0,9021
917,754856583969079297,7492,2827
918,754747087846248448,2810,584
919,754482103782404096,5780,2183
920,754449512966619136,4092,823
921,754120377874386944,8534,2613
922,754011816964026368,9584,4029
923,753655901052166144,6367,2445
924,753420520834629632,8602,3999
925,753398408988139520,6298,2146
926,753375668877008896,8285,2609
927,753298634498793472,0,6496
928,753294487569522689,3710,1163
929,753039830821511168,40457,23531
930,753026973505581056,4221,1093
931,752932432744185856,13757,7637
932,752917284578922496,7475,1753
933,752701944171524096,0,3234
934,752682090207055872,6546,1804
935,752660715232722944,4809,1757
936,752568224206688256,6052,2554
937,752519690950500352,8034,3847
938,752334515931054080,4160,1240
939,752309394570878976,0,18694
940,752173152931807232,6472,2071
941,751950017322246144,3360,1042
942,751937170840121344,5691,1500
943,751830394383790080,6325,2186
944,751793661361422336,6384,3263
945,751598357617971201,8579,3378
946,751583847268179968,4798,1247
947,751538714308972544,5474,1416
948,751456908746354688,3485,1110
949,751251247299190784,13596,6563
950,751205363882532864,6859,2045
951,751132876104687617,5539,1457
952,750868782890057730,5227,1561
953,750719632563142656,14403,5636
954,750506206503038976,4853,1285
955,750429297815552001,14350,4840
956,750383411068534784,4940,1278
957,750381685133418496,747,34
958,750147208377409536,3362,1079
959,750132105863102464,3942,1412
960,750117059602808832,4688,1442
961,750101899009982464,3306,940
962,750086836815486976,2357,608
963,750071704093859840,8531,3734
964,750056684286914561,3398,992
965,750041628174217216,3447,689
966,750026558547456000,2952,876
967,750011400160841729,3526,1015
968,749996283729883136,3287,901
969,749981277374128128,5548,2737
970,749774190421639168,5051,1475
971,749417653287129088,6629,1873
972,749403093750648834,2849,609
973,749395845976588288,9349,3882
974,749317047558017024,5961,2464
975,749075273010798592,6258,2312
976,749064354620928000,5208,1687
977,749036806121881602,3373,876
978,748977405889503236,11687,3818
979,748932637671223296,6360,2512
980,748705597323898880,3002,1050
981,748699167502000129,5139,1789
982,748692773788876800,4594,1476
983,748575535303884801,6587,2226
984,748568946752774144,2377,754
985,748346686624440324,5659,1386
986,748337862848962560,8331,4615
987,748324050481647620,4024,854
988,748307329658011649,3984,799
989,748220828303695873,15314,8692
990,747963614829678593,6292,2405
991,747933425676525569,7194,2847
992,747885874273214464,3196,1102
993,747844099428986880,3041,833
994,747816857231626240,5271,1296
995,747651430853525504,1495,175
996,747648653817413632,13983,6506
997,747600769478692864,2521,609
998,747594051852075008,3999,1188
999,747512671126323200,6026,1770
1000,747461612269887489,4204,1160
1001,747439450712596480,5899,2154
1002,747242308580548608,0,3208
1003,747219827526344708,5718,1759
1004,747204161125646336,3671,1022
1005,747103485104099331,10405,4474
1006,746906459439529985,3123,331
1007,746872823977771008,6494,2393
1008,746818907684614144,5732,1913
1009,746790600704425984,5280,1784
1010,746757706116112384,10345,4349
1011,746726898085036033,6546,2000
1012,746542875601690625,5449,2072
1013,746521445350707200,0,1093
1014,746507379341139972,5029,1210
1015,746369468511756288,6549,1830
1016,746131877086527488,7455,2457
1017,746056683365994496,3844,916
1018,745789745784041472,4370,1187
1019,745712589599014916,7544,2593
1020,745433870967832576,7699,2836
1021,745422732645535745,9277,2724
1022,745314880350101504,7737,3081
1023,745074613265149952,8468,3914
1024,745057283344719872,7824,2547
1025,744995568523612160,3231,701
1026,744971049620602880,8518,2987
1027,744709971296780288,6053,1731
1028,744334592493166593,7313,2381
1029,744234799360020481,129254,78220
1030,744223424764059648,1840,416
1031,743980027717509120,4489,1211
1032,743895849529389061,3937,1065
1033,743835915802583040,0,2338
1034,743609206067040256,4849,1531
1035,743595368194129920,19974,7307
1036,743545585370791937,3812,1047
1037,743510151680958465,8541,4110
1038,743253157753532416,4559,1344
1039,743222593470234624,6690,2123
1040,743210557239623680,4146,1519
1041,742534281772302336,7616,3950
1042,742528092657332225,4806,2207
1043,742465774154047488,7839,4307
1044,742423170473463808,10665,4239
1045,742385895052087300,7354,2223
1046,742161199639494656,4687,1525
1047,742150209887731712,5568,1741
1048,741793263812808706,4910,1674
1049,741743634094141440,8825,3083
1050,741438259667034112,3963,926
1051,741303864243200000,9497,3587
1052,741099773336379392,10826,6143
1053,741067306818797568,10198,3439
1054,740995100998766593,6916,3091
1055,740711788199743490,3686,1042
1056,740699697422163968,3066,867
1057,740676976021798912,19593,7550
1058,740373189193256964,37472,14802
1059,740365076218183684,2680,483
1060,740359016048689152,3564,946
1061,740214038584557568,7210,2181
1062,739979191639244800,21556,6575
1063,739932936087216128,4382,1193
1064,739844404073074688,4084,942
1065,739623569819336705,4110,1519
1066,739606147276148736,5827,1843
1067,739544079319588864,43009,23872
1068,739485634323156992,7766,3260
1069,739238157791694849,73962,51478
1070,738891149612572673,115,6
1071,738885046782832640,4068,1261
1072,738883359779196928,3617,901
1073,738537504001953792,5495,1733
1074,738402415918125056,3535,940
1075,738184450748633089,4658,1337
1076,738166403467907072,9484,3778
1077,738156290900254721,2734,737
1078,737826014890496000,5675,1967
1079,737800304142471168,10792,3837
1080,737678689543020544,5446,1484
1081,737445876994609152,11137,4962
1082,737322739594330112,3893,890
1083,737310737551491075,15826,8213
1084,736736130620620800,4662,1940
1085,736392552031657984,19160,8242
1086,736365877722001409,4316,1382
1087,736225175608430592,8751,3060
1088,736010884653420544,8534,3292
1089,735991953473572864,3882,1270
1090,735648611367784448,4331,1212
1091,735635087207878657,6679,2613
1092,735274964362878976,9472,4627
1093,735256018284875776,3622,974
1094,735137028879360001,3370,1074
1095,734912297295085568,2944,568
1096,734787690684657664,13530,6989
1097,734776360183431168,2702,602
1098,734559631394082816,1621,441
1099,733828123016450049,3869,862
1100,733822306246479872,3963,1123
1101,733482008106668032,3385,1050
1102,733460102733135873,4535,1424
1103,733109485275860992,43953,17271
1104,732732193018155009,2631,591
1105,732726085725589504,3800,980
1106,732585889486888962,3966,852
1107,732375214819057664,8706,2787
1108,732005617171337216,16085,6046
1109,731285275100512256,3751,1078
1110,731156023742988288,4128,1407
1111,730924654643314689,6591,2194
1112,730573383004487680,5309,2391
1113,730427201120833536,3747,1158
1114,730211855403241472,4116,1157
1115,730196704625098752,5265,2132
1116,729854734790754305,4331,1238
1117,729838605770891264,1834,423
1118,729823566028484608,4299,1372
1119,729463711119904772,6249,2543
1120,729113531270991872,2030,363
1121,728986383096946689,3414,900
1122,728760639972315136,5019,1876
1123,728751179681943552,3004,744
1124,728653952833728512,3563,1153
1125,728409960103686147,5295,2226
1126,728387165835677696,3946,1056
1127,728046963732717569,4640,1296
1128,728035342121635841,4885,1845
1129,728015554473250816,4413,1207
1130,727685679342333952,3153,698
1131,727644517743104000,6344,1928
1132,727524757080539137,4817,1357
1133,727314416056803329,3569,825
1134,727286334147182592,3272,908
1135,727175381690781696,4150,1512
1136,727155742655025152,3918,1472
1137,726935089318363137,7400,2705
1138,726887082820554753,4128,1661
1139,726828223124897792,3820,1113
1140,726224900189511680,4741,1276
1141,725842289046749185,7581,2920
1142,725786712245440512,4466,1496
1143,725729321944506368,5566,1966
1144,725458796924002305,1512,690
1145,724983749226668032,3978,1437
1146,724771698126512129,2555,710
1147,724405726123311104,5706,1819
1148,724049859469295616,4659,1952
1149,724046343203856385,2862,610
1150,724004602748780546,4493,1755
1151,723912936180330496,4176,1353
1152,723688335806480385,8307,3285
1153,723673163800948736,3243,988
1154,723179728551723008,5689,2071
1155,722974582966214656,4421,1730
1156,722613351520608256,5314,1804
1157,721503162398597120,5013,2086
1158,721001180231503872,2714,681
1159,720785406564900865,3351,849
1160,720775346191278080,2664,747
1161,720415127506415616,4434,1647
1162,720389942216527872,6885,2783
1163,720340705894408192,3078,1078
1164,720059472081784833,4179,1248
1165,720043174954147842,5262,2211
1166,719991154352222208,5200,1938
1167,719704490224398336,4895,1604
1168,719551379208073216,5426,2140
1169,719367763014393856,2984,814
1170,719339463458033665,4734,1375
1171,719332531645071360,3663,1054
1172,718971898235854848,3756,1213
1173,718939241951195136,5632,1938
1174,718631497683582976,20375,8930
1175,718613305783398402,2627,531
1176,718540630683709445,2677,1118
1177,718460005985447936,2901,590
1178,718454725339934721,5233,1659
1179,718246886998687744,2074,558
1180,718234618122661888,4151,1107
1181,717841801130979328,2626,658
1182,717790033953034240,3118,1250
1183,717537687239008257,6183,2033
1184,717428917016076293,1718,503
1185,717421804990701568,3389,932
1186,717047459982213120,6733,2103
1187,717009362452090881,3516,1085
1188,716802964044845056,4579,1296
1189,716791146589110272,5144,1459
1190,716730379797970944,1320,468
1191,716447146686459905,14104,6496
1192,716439118184652801,2535,243
1193,716285507865542656,2994,1201
1194,716080869887381504,5246,1922
1195,715928423106027520,3437,973
1196,715758151270801409,4016,1572
1197,715733265223708672,5013,1879
1198,715704790270025728,3010,623
1199,715696743237730304,4194,1429
1200,715680795826982913,4645,1791
1201,715360349751484417,5870,1740
1202,715342466308784130,3247,759
1203,715220193576927233,2588,727
1204,715200624753819648,5500,2080
1205,715009755312439296,4480,1372
1206,714982300363173890,4029,1142
1207,714962719905021952,7904,4732
1208,714957620017307648,4445,1566
1209,714631576617938945,3506,1106
1210,714606013974974464,3886,1026
1211,714485234495041536,2917,1286
1212,714258258790387713,3234,796
1213,714251586676113411,3504,932
1214,714214115368108032,2441,972
1215,714141408463036416,4612,1544
1216,713919462244790272,3504,856
1217,713909862279876608,2044,602
1218,713900603437621249,3025,822
1219,713761197720473600,5232,1521
1220,713411074226274305,4727,1423
1221,713177543487135744,7744,3130
1222,713175907180089344,4795,1605
1223,712809025985978368,20041,7450
1224,712717840512598017,13288,5508
1225,712668654853337088,4470,1347
1226,712438159032893441,5719,1721
1227,712309440758808576,266,26
1228,712097430750289920,4087,1155
1229,712092745624633345,3168,1001
1230,712085617388212225,3478,546
1231,712065007010385924,2418,694
1232,711998809858043904,0,137
1233,711968124745228288,8649,2554
1234,711743778164514816,3055,1088
1235,711732680602345472,9590,4563
1236,711694788429553666,35335,20163
1237,711652651650457602,4164,1020
1238,711363825979756544,3932,1266
1239,711306686208872448,3545,806
1240,711008018775851008,3220,693
1241,710997087345876993,4895,1542
1242,710844581445812225,2738,762
1243,710833117892898816,2893,593
1244,710658690886586372,2480,627
1245,710609963652087808,5155,2589
1246,710588934686908417,4900,2073
1247,710296729921429505,2540,817
1248,710283270106132480,2281,570
1249,710272297844797440,4866,1397
1250,710269109699739648,2578,1236
1251,710153181850935296,3118,986
1252,710140971284037632,2978,985
1253,710117014656950272,5919,2206
1254,709918798883774466,3204,1188
1255,709901256215666688,724,109
1256,709852847387627521,3772,1317
1257,709566166965075968,3796,1343
1258,709556954897764353,3536,1182
1259,709519240576036864,1596,268
1260,709449600415961088,2394,653
1261,709409458133323776,2818,769
1262,709225125749587968,2580,635
1263,709207347839836162,13569,6452
1264,709198395643068416,2596,707
1265,709179584944730112,2178,750
1266,709158332880297985,2204,461
1267,709042156699303936,5133,1829
1268,708853462201716736,1921,727
1269,708845821941387268,3184,991
1270,708834316713893888,1826,555
1271,708810915978854401,17767,7697
1272,708738143638450176,2951,898
1273,708711088997666817,2744,811
1274,708479650088034305,2731,754
1275,708469915515297792,3308,907
1276,708400866336894977,17250,11158
1277,708356463048204288,3887,1500
1278,708349470027751425,2515,816
1279,708149363256774660,4584,1701
1280,708130923141795840,3644,929
1281,708119489313951744,2893,1083
1282,708109389455101952,2082,600
1283,708026248782585858,4698,2131
1284,707995814724026368,3338,1248
1285,707983188426153984,51,2
1286,707969809498152960,2904,1077
1287,707776935007539200,3528,1054
1288,707741517457260545,2683,682
1289,707738799544082433,4413,2735
1290,707693576495472641,3693,1106
1291,707629649552134146,2781,973
1292,707610948723478529,18293,7110
1293,707420581654872064,2454,774
1294,707411934438625280,2447,665
1295,707387676719185920,3777,1457
1296,707377100785885184,3538,1190
1297,707315916783140866,2658,712
1298,707297311098011648,2961,889
1299,707059547140169728,2763,749
1300,707038192327901184,2366,889
1301,707021089608753152,4369,1523
1302,707014260413456384,2470,655
1303,706904523814649856,15703,8683
1304,706901761596989440,2229,668
1305,706681918348251136,3572,1076
1306,706644897839910912,2776,1211
1307,706593038911545345,2322,701
1308,706538006853918722,3720,1559
1309,706516534877929472,3345,1137
1310,706346369204748288,3710,1021
1311,706310011488698368,23100,8850
1312,706291001778950144,1831,515
1313,706265994973601792,2932,1014
1314,706169069255446529,4222,2467
1315,706166467411222528,5537,1786
1316,706153300320784384,1609,425
1317,705975130514706432,3345,825
1318,705970349788291072,3382,994
1319,705898680587526145,2556,627
1320,705786532653883392,2094,587
1321,705591895322394625,3419,1286
1322,705475953783398401,3195,1025
1323,705442520700944385,4804,1830
1324,705428427625635840,4120,1897
1325,705239209544720384,3228,835
1326,705223444686888960,2780,886
1327,705102439679201280,2320,574
1328,705066031337840642,2339,670
1329,704871453724954624,4534,1234
1330,704859558691414016,2428,602
1331,704847917308362754,5516,1701
1332,704819833553219584,2855,1117
1333,704761120771465216,7159,3208
1334,704499785726889984,3170,1106
1335,704491224099647488,826,95
1336,704480331685040129,3665,1176
1337,704364645503647744,8664,3933
1338,704347321748819968,1702,386
1339,704134088924532736,1629,512
1340,704113298707505153,1999,620
1341,704054845121142784,3160,1013
1342,703774238772166656,1990,516
1343,703769065844768768,3558,1254
1344,703631701117943808,2803,761
1345,703611486317502464,4166,1685
1346,703425003149250560,4100,1533
1347,703407252292673536,2656,767
1348,703382836347330562,3781,1265
1349,703356393781329922,2052,426
1350,703268521220972544,2118,612
1351,703079050210877440,7957,3425
1352,703041949650034688,28534,13916
1353,702932127499816960,2782,803
1354,702899151802126337,1743,501
1355,702684942141153280,3470,1197
1356,702671118226825216,2364,621
1357,702598099714314240,11163,3644
1358,702539513671897089,3093,1067
1359,702332542343577600,3452,1716
1360,702321140488925184,3552,1143
1361,702276748847800320,2662,845
1362,702217446468493312,5189,1489
1363,701981390485725185,3706,1093
1364,701952816642965504,4115,1130
1365,701889187134500865,3844,1527
1366,701805642395348998,3697,1872
1367,701601587219795968,2252,513
1368,701570477911896070,3041,1037
1369,701545186879471618,2863,671
1370,701214700881756160,13250,5698
1371,700890391244103680,2400,640
1372,700864154249383937,2793,676
1373,700847567345688576,2615,552
1374,700796979434098688,2634,1065
1375,700747788515020802,24714,10424
1376,700518061187723268,2842,890
1377,700505138482569216,2451,633
1378,700462010979500032,4479,2003
1379,700167517596164096,2858,824
1380,700151421916807169,2421,738
1381,700143752053182464,8150,3069
1382,700062718104104960,2843,768
1383,700029284593901568,2232,647
1384,700002074055016451,3575,1500
1385,699801817392291840,3300,1074
1386,699788877217865730,2432,546
1387,699779630832685056,2994,1376
1388,699775878809702401,2109,673
1389,699691744225525762,11077,5089
1390,699446877801091073,6402,2895
1391,699434518667751424,2349,568
1392,699423671849451520,1478,371
1393,699413908797464576,2220,682
1394,699370870310113280,2031,489
1395,699323444782047232,3407,967
1396,699088579889332224,2416,700
1397,699079609774645248,2635,729
1398,699072405256409088,3235,1307
1399,699060279947165696,4085,2019
1400,699036661657767936,2820,1321
1401,698989035503689728,3658,1089
1402,698953797952008193,2923,1000
1403,698907974262222848,2746,686
1404,698710712454139905,2673,760
1405,698703483621523456,1571,421
1406,698635131305795584,1381,378
1407,698549713696649216,2502,689
1408,698355670425473025,2012,502
1409,698342080612007937,2449,1056
1410,698262614669991936,5127,2241
1411,698195409219559425,18135,6636
1412,698178924120031232,3040,815
1413,697995514407682048,1640,366
1414,697990423684476929,3548,1431
1415,697943111201378304,2594,764
1416,697881462549430272,3257,1318
1417,697630435728322560,1883,602
1418,697616773278015490,3406,1123
1419,697596423848730625,3265,1403
1420,697575480820686848,2208,561
1421,697516214579523584,2241,1259
1422,697482927769255936,2615,753
1423,697463031882764288,3691,1535
1424,697270446429966336,5042,2062
1425,697259378236399616,3556,1112
1426,697255105972801536,3259,1293
1427,697242256848379904,2710,737
1428,696900204696625153,3451,1136
1429,696894894812565505,2545,749
1430,696886256886657024,5227,1985
1431,696877980375769088,2645,791
1432,696754882863349760,1586,392
1433,696744641916489729,2256,1057
1434,696713835009417216,2572,734
1435,696518437233913856,4211,1863
1436,696490539101908992,1319,167
1437,696488710901260288,2749,1146
1438,696405997980676096,3471,1265
1439,696100768806522880,2093,737
1440,695816827381944320,3239,1300
1441,695794761660297217,3440,865
1442,695767669421768709,2020,835
1443,695629776980148225,4944,2340
1444,695446424020918272,4711,2000
1445,695409464418041856,9299,3957
1446,695314793360662529,3938,1644
1447,695095422348574720,2839,676
1448,695074328191332352,3068,1223
1449,695064344191721472,1741,670
1450,695051054296211456,2869,877
1451,694925794720792577,2908,1017
1452,694905863685980160,2997,1042
1453,694669722378485760,37953,15964
1454,694356675654983680,1629,323
1455,694352839993344000,2205,690
1456,694342028726001664,1699,547
1457,694329668942569472,2172,554
1458,694206574471057408,4519,2268
1459,694183373896572928,3183,1031
1460,694001791655137281,3647,1161
1461,693993230313091072,2021,450
1462,693942351086120961,1866,409
1463,693647888581312512,2915,660
1464,693644216740769793,1448,143
1465,693642232151285760,2745,462
1466,693629975228977152,2644,883
1467,693622659251335168,1661,412
1468,693590843962331137,5477,2187
1469,693582294167244802,1780,286
1470,693486665285931008,1908,686
1471,693280720173801472,3622,1384
1472,693267061318012928,2571,909
1473,693262851218264065,2412,561
1474,693231807727280129,3081,820
1475,693155686491000832,8525,3563
1476,693109034023534592,1855,680
1477,693095443459342336,2021,515
1478,692919143163629568,2886,827
1479,692905862751522816,2635,981
1480,692901601640583168,1938,671
1481,692894228850999298,2468,896
1482,692828166163931137,3103,980
1483,692752401762250755,7381,4051
1484,692568918515392513,4671,1710
1485,692535307825213440,3451,1504
1486,692530551048294401,1990,468
1487,692423280028966913,1592,259
1488,692417313023332352,10125,3847
1489,692187005137076224,2717,913
1490,692158366030913536,2326,886
1491,692142790915014657,1766,434
1492,692041934689402880,3667,1411
1493,692017291282812928,3093,1065
1494,691820333922455552,4258,1829
1495,691793053716221953,8799,4663
1496,691756958957883396,3126,1146
1497,691675652215414786,2088,567
1498,691483041324204033,2560,644
1499,691459709405118465,4388,1279
1500,691444869282295808,2858,942
1501,691416866452082688,20931,8510
1502,691321916024623104,2788,736
1503,691096613310316544,3206,1007
1504,691090071332753408,1839,379
1505,690989312272396288,6402,3213
1506,690959652130045952,3860,1401
1507,690938899477221376,4469,2215
1508,690932576555528194,3559,1130
1509,690735892932222976,4072,1427
1510,690728923253055490,2338,582
1511,690690673629138944,2504,882
1512,690649993829576704,1412,316
1513,690607260360429569,313,19
1514,690597161306841088,2124,671
1515,690400367696297985,2013,500
1516,690374419777196032,3502,964
1517,690360449368465409,2878,993
1518,690348396616552449,1617,561
1519,690248561355657216,1819,461
1520,690021994562220032,3014,1156
1521,690015576308211712,2699,820
1522,690005060500217858,3948,1876
1523,689999384604450816,1537,418
1524,689993469801164801,1589,510
1525,689977555533848577,1474,493
1526,689905486972461056,2614,772
1527,689877686181715968,3253,1320
1528,689835978131935233,2337,841
1529,689661964914655233,3450,1028
1530,689659372465688576,11241,4322
1531,689623661272240129,2419,729
1532,689599056876867584,12575,6138
1533,689557536375177216,2225,511
1534,689517482558820352,3671,1587
1535,689289219123089408,2436,1038
1536,689283819090870273,3558,1230
1537,689280876073582592,2162,803
1538,689275259254616065,1251,278
1539,689255633275777024,2775,1196
1540,689154315265683456,3311,1114
1541,689143371370250240,2193,576
1542,688916208532455424,2948,966
1543,688908934925697024,2280,859
1544,688898160958271489,2271,878
1545,688894073864884227,2417,781
1546,688828561667567616,1481,414
1547,688804835492233216,1030,222
1548,688789766343622656,2388,738
1549,688547210804498433,2819,777
1550,688519176466644993,2487,810
1551,688385280030670848,10054,4948
1552,688211956440801280,2396,932
1553,688179443353796608,2286,658
1554,688116655151435777,3049,874
1555,688064179421470721,1853,401
1556,687841446767013888,5921,2823
1557,687826841265172480,2943,1263
1558,687818504314159109,2710,1066
1559,687807801670897665,2587,781
1560,687732144991551489,1905,734
1561,687704180304273409,2630,938
1562,687664829264453632,2095,570
1563,687494652870668288,2068,642
1564,687480748861947905,1726,279
1565,687476254459715584,2143,605
1566,687460506001633280,2203,604
1567,687399393394311168,2048,695
1568,687317306314240000,21750,10209
1569,687312378585812992,4700,2117
1570,687127927494963200,5912,2545
1571,687124485711986689,2337,563
1572,687109925361856513,6275,2757
1573,687102708889812993,2526,1102
1574,687096057537363968,2417,682
1575,686947101016735744,9290,3529
1576,686760001961103360,3800,1530
1577,686749460672679938,3761,1638
1578,686730991906516992,4490,1330
1579,686683045143953408,3024,894
1580,686618349602762752,3983,1520
1581,686606069955735556,2035,601
1582,686394059078897668,1898,759
1583,686386521809772549,3504,985
1584,686377065986265092,2392,629
1585,686358356425093120,2373,759
1586,686286779679375361,4328,1858
1587,686050296934563840,2383,828
1588,686035780142297088,1255,135
1589,686034024800862208,3366,1309
1590,686007916130873345,2670,467
1591,686003207160610816,1971,718
1592,685973236358713344,2284,601
1593,685943807276412928,1773,684
1594,685906723014619143,8144,3247
1595,685681090388975616,2190,140
1596,685667379192414208,2529,648
1597,685663452032069632,3508,1627
1598,685641971164143616,3163,867
1599,685547936038666240,35651,17456
1600,685532292383666176,3285,1283
1601,685325112850124800,10293,4447
1602,685321586178670592,2866,724
1603,685315239903100929,3612,1211
1604,685307451701334016,2230,490
1605,685268753634967552,3361,1344
1606,685198997565345792,2509,748
1607,685169283572338688,4425,1594
1608,684969860808454144,2475,430
1609,684959798585110529,7202,3493
1610,684940049151070208,3471,1163
1611,684926975086034944,3792,538
1612,684914660081053696,3786,1631
1613,684902183876321280,2023,598
1614,684880619965411328,2265,922
1615,684830982659280897,37950,24062
1616,684800227459624960,2927,1101
1617,684594889858887680,9684,3950
1618,684588130326986752,4441,1572
1619,684567543613382656,3261,1388
1620,684538444857667585,2873,1072
1621,684481074559381504,4178,1303
1622,684460069371654144,2134,618
1623,684241637099323392,8843,3668
1624,684225744407494656,1341,236
1625,684222868335505415,4159,1536
1626,684200372118904832,2349,1149
1627,684195085588783105,2066,585
1628,684188786104872960,3763,1317
1629,684177701129875456,2179,749
1630,684147889187209216,3212,1664
1631,684122891630342144,2145,532
1632,684097758874210310,4446,1600
1633,683857920510050305,4103,1239
1634,683852578183077888,2080,394
1635,683849932751646720,2831,1097
1636,683834909291606017,2831,1241
1637,683828599284170753,3011,1171
1638,683773439333797890,3622,1507
1639,683742671509258241,7053,3720
1640,683515932363329536,7953,3234
1641,683498322573824003,3411,1070
1642,683481228088049664,2836,1099
1643,683462770029932544,2634,751
1644,683449695444799489,4210,1793
1645,683391852557561860,8220,2652
1646,683357973142474752,3182,1048
1647,683142553609318400,3107,1159
1648,683111407806746624,3681,1020
1649,683098815881154561,2329,724
1650,683078886620553216,2137,623
1651,683030066213818368,2330,811
1652,682962037429899265,40060,18667
1653,682808988178739200,1913,206
1654,682788441537560576,2662,1244
1655,682750546109968385,1637,485
1656,682697186228989953,1412,396
1657,682662431982772225,3288,1190
1658,682638830361513985,2223,669
1659,682429480204398592,3707,1291
1660,682406705142087680,8186,1975
1661,682393905736888321,2395,757
1662,682389078323662849,1799,515
1663,682303737705140231,3330,1114
1664,682259524040966145,4508,1358
1665,682242692827447297,3512,1320
1666,682088079302213632,19811,11054
1667,682059653698686977,5362,1885
1668,682047327939461121,3472,1074
1669,682032003584274432,7108,2248
1670,682003177596559360,3393,1698
1671,681981167097122816,2988,1143
1672,681891461017812993,2654,937
1673,681694085539872773,13788,4495
1674,681679526984871937,1890,494
1675,681654059175129088,2853,1028
1676,681610798867845120,2068,523
1677,681579835668455424,3829,1459
1678,681523177663676416,15482,6496
1679,681340665377193984,1771,309
1680,681339448655802368,10040,4524
1681,681320187870711809,2881,848
1682,681302363064414209,4262,2037
1683,681297372102656000,3433,1070
1684,681281657291280384,3467,1234
1685,681261549936340994,1567,303
1686,681242418453299201,1611,609
1687,681231109724700672,2578,534
1688,681193455364796417,4011,1657
1689,680970795137544192,2621,737
1690,680959110691590145,4919,2213
1691,680940246314430465,3476,1191
1692,680934982542561280,2239,490
1693,680913438424612864,2576,694
1694,680889648562991104,1911,410
1695,680836378243002368,3720,1489
1696,680805554198020098,2336,740
1697,680801747103793152,2559,913
1698,680798457301471234,3080,1164
1699,680609293079592961,2847,796
1700,680583894916304897,3887,1490
1701,680497766108381184,4577,2136
1702,680494726643068929,1846,535
1703,680473011644985345,2731,832
1704,680440374763077632,1555,555
1705,680221482581123072,1566,324
1706,680206703334408192,3057,1303
1707,680191257256136705,2307,569
1708,680176173301628928,4202,1736
1709,680161097740095489,2492,814
1710,680145970311643136,3891,1941
1711,680130881361686529,2476,1059
1712,680115823365742593,2926,1014
1713,680100725817409536,3835,1519
1714,680085611152338944,13769,9866
1715,680070545539371008,2771,972
1716,680055455951884288,17999,7925
1717,679877062409191424,2122,714
1718,679872969355714560,2328,736
1719,679862121895714818,2640,688
1720,679854723806179328,3097,1374
1721,679844490799091713,2558,869
1722,679828447187857408,39126,15567
1723,679777920601223168,3336,1252
1724,679736210798047232,2264,894
1725,679729593985699840,2325,917
1726,679722016581222400,1786,527
1727,679530280114372609,5129,2303
1728,679527802031484928,2856,809
1729,679511351870550016,3633,1434
1730,679503373272485890,3415,1650
1731,679475951516934144,2260,712
1732,679462823135686656,34291,20912
1733,679405845277462528,2565,1343
1734,679158373988876288,23188,9021
1735,679148763231985668,2987,1142
1736,679132435750195208,3200,1291
1737,679111216690831360,6425,2848
1738,679062614270468097,18423,9151
1739,679047485189439488,2430,764
1740,679001094530465792,3039,1363
1741,678991772295516161,2504,1313
1742,678969228704284672,1770,516
1743,678800283649069056,2769,998
1744,678798276842360832,3750,1322
1745,678774928607469569,2993,1023
1746,678767140346941444,3798,1531
1747,678764513869611008,1756,534
1748,678755239630127104,7675,3679
1749,678740035362037760,4040,1899
1750,678708137298427904,5978,2707
1751,678675843183484930,3084,1658
1752,678643457146150913,2213,480
1753,678446151570427904,4283,1754
1754,678424312106393600,5827,2833
1755,678410210315247616,4563,2033
1756,678399652199309312,61503,30343
1757,678396796259975168,1708,466
1758,678389028614488064,2000,464
1759,678380236862578688,2615,1000
1760,678341075375947776,1865,597
1761,678334497360859136,1398,297
1762,678278586130948096,12333,6720
1763,678255464182861824,1700,411
1764,678023323247357953,2067,434
1765,678021115718029313,14767,7032
1766,677961670166224897,3653,1851
1767,677918531514703872,1447,453
1768,677895101218201600,5186,2349
1769,677716515794329600,3271,1082
1770,677700003327029250,3630,1590
1771,677698403548192770,1312,356
1772,677687604918272002,2640,931
1773,677673981332312066,3574,1651
1774,677662372920729601,2097,1080
1775,677644091929329666,2011,877
1776,677573743309385728,2285,809
1777,677565715327688705,1383,508
1778,677557565589463040,2619,1294
1779,677547928504967168,7435,4004
1780,677530072887205888,1141,247
1781,677335745548390400,3273,1984
1782,677334615166730240,1458,325
1783,677331501395156992,1170,262
1784,677328882937298944,3884,1659
1785,677314812125323265,1758,600
1786,677301033169788928,1337,459
1787,677269281705472000,2125,778
1788,677228873407442944,3779,1808
1789,677187300187611136,2922,1014
1790,676975532580409345,2964,1180
1791,676957860086095872,2355,893
1792,676949632774234114,1386,437
1793,676948236477857792,2315,964
1794,676946864479084545,1818,419
1795,676942428000112642,2216,845
1796,676936541936185344,13602,5416
1797,676916996760600576,3177,1975
1798,676897532954456065,2390,804
1799,676864501615042560,2244,786
1800,676821958043033607,24706,17253
1801,676819651066732545,1924,727
1802,676811746707918848,1510,466
1803,676776431406465024,5310,2207
1804,676617503762681856,3094,1086
1805,676613908052996102,1157,213
1806,676606785097199616,2010,484
1807,676603393314578432,1250,432
1808,676593408224403456,4882,2373
1809,676590572941893632,980,140
1810,676588346097852417,2490,880
1811,676582956622721024,1290,309
1812,676575501977128964,2766,1242
1813,676533798876651520,2000,608
1814,676496375194980353,1613,592
1815,676470639084101634,12429,5131
1816,676440007570247681,1832,735
1817,676430933382295552,1488,378
1818,676263575653122048,2208,599
1819,676237365392908289,1302,329
1820,676219687039057920,79156,34068
1821,676215927814406144,1848,648
1822,676191832485810177,2428,1129
1823,676146341966438401,2049,730
1824,676121918416756736,2294,1279
1825,676101918813499392,2989,1266
1826,676098748976615425,3221,1581
1827,676089483918516224,1404,472
1828,675898130735476737,1744,643
1829,675891555769696257,2266,957
1830,675888385639251968,2539,1053
1831,675878199931371520,4441,1546
1832,675870721063669760,1746,622
1833,675853064436391936,2869,1434
1834,675849018447167488,1002,167
1835,675845657354215424,2432,981
1836,675822767435051008,1625,581
1837,675820929667219457,1118,252
1838,675798442703122432,10918,3708
1839,675781562965868544,1719,522
1840,675740360753160193,1235,381
1841,675710890956750848,2013,910
1842,675707330206547968,2114,758
1843,675706639471788032,684,104
1844,675534494439489536,1914,460
1845,675531475945709568,1250,423
1846,675522403582218240,1106,309
1847,675517828909424640,1387,498
1848,675501075957489664,18217,6369
1849,675497103322386432,3329,1424
1850,675489971617296384,1374,657
1851,675483430902214656,1957,1060
1852,675432746517426176,1603,619
1853,675372240448454658,1801,550
1854,675362609739206656,1114,254
1855,675354435921575936,34739,18694
1856,675349384339542016,4181,2483
1857,675334060156301312,2954,1406
1858,675166823650848770,3835,1764
1859,675153376133427200,6684,2854
1860,675149409102012420,3967,1840
1861,675147105808306176,1002,265
1862,675146535592706048,1269,342
1863,675145476954566656,2260,986
1864,675135153782571009,1369,534
1865,675113801096802304,2079,857
1866,675111688094527488,1021,276
1867,675109292475830276,2954,1235
1868,675047298674663426,1123,358
1869,675015141583413248,2864,1302
1870,675006312288268288,1030,245
1871,675003128568291329,1639,510
1872,674999807681908736,2391,1212
1873,674805413498527744,914,385
1874,674800520222154752,3179,936
1875,674793399141146624,2653,1200
1876,674790488185167872,1163,273
1877,674788554665512960,853,227
1878,674781762103414784,2117,1317
1879,674774481756377088,1191,524
1880,674767892831932416,1945,866
1881,674764817387900928,836,259
1882,674754018082705410,1441,484
1883,674752233200820224,1557,505
1884,674743008475090944,1482,596
1885,674742531037511680,517,54
1886,674739953134403584,1180,425
1887,674737130913071104,678,100
1888,674690135443775488,1214,504
1889,674670581682434048,1709,707
1890,674664755118911488,975,274
1891,674646392044941312,1506,548
1892,674644256330530816,1083,299
1893,674638615994089473,1777,636
1894,674632714662858753,1588,623
1895,674606911342424069,996,111
1896,674468880899788800,6560,2235
1897,674447403907457024,1119,385
1898,674436901579923456,1176,423
1899,674422304705744896,1510,578
1900,674416750885273600,719,152
1901,674410619106390016,1267,510
1902,674394782723014656,1583,621
1903,674372068062928900,899,337
1904,674330906434379776,589,80
1905,674318007229923329,1485,562
1906,674307341513269249,11955,7515
1907,674291837063053312,15565,6401
1908,674271431610523648,1656,787
1909,674269164442398721,943,250
1910,674265582246694913,1724,917
1911,674262580978937856,1361,493
1912,674255168825880576,1546,610
1913,674082852460433408,786,182
1914,674075285688614912,1030,311
1915,674063288070742018,6709,2408
1916,674053186244734976,3506,1414
1917,674051556661161984,1533,523
1918,674045139690631169,1490,698
1919,674042553264685056,757,140
1920,674038233588723717,1156,447
1921,674036086168010753,889,235
1922,674024893172875264,1884,1338
1923,674019345211760640,1186,332
1924,674014384960745472,1648,702
1925,674008982932058114,1267,383
1926,673956914389192708,2059,1049
1927,673919437611909120,1228,392
1928,673906403526995968,3348,1776
1929,673887867907739649,979,272
1930,673716320723169284,3238,826
1931,673715861853720576,3740,2266
1932,673711475735838725,1095,322
1933,673709992831262724,889,302
1934,673708611235921920,1125,312
1935,673707060090052608,1158,426
1936,673705679337693185,1316,430
1937,673700254269775872,1508,619
1938,673697980713705472,3996,2119
1939,673689733134946305,1830,696
1940,673688752737402881,1326,529
1941,673686845050527744,1517,470
1942,673680198160809984,1433,512
1943,673662677122719744,1306,390
1944,673656262056419329,753,262
1945,673636718965334016,1173,399
1946,673612854080196609,1667,785
1947,673583129559498752,1245,396
1948,673580926094458881,866,291
1949,673576835670777856,1450,605
1950,673363615379013632,1068,335
1951,673359818736984064,1528,721
1952,673355879178194945,1570,641
1953,673352124999274496,1727,585
1954,673350198937153538,763,226
1955,673345638550134785,2649,1391
1956,673343217010679808,1015,286
1957,673342308415348736,1330,638
1958,673320132811366400,14228,8544
1959,673317986296586240,907,288
1960,673295268553605120,7913,3418
1961,673270968295534593,1114,396
1962,673240798075449344,1484,782
1963,673213039743795200,2366,911
1964,673148804208660480,1786,683
1965,672997845381865473,2061,773
1966,672995267319328768,999,323
1967,672988786805112832,1018,309
1968,672984142909456390,1305,586
1969,672980819271634944,1889,1063
1970,672975131468300288,1773,999
1971,672970152493887488,999,384
1972,672968025906282496,1375,593
1973,672964561327235073,1488,691
1974,672902681409806336,1425,542
1975,672898206762672129,927,451
1976,672884426393653248,1625,888
1977,672877615439593473,1075,396
1978,672834301050937345,1378,615
1979,672828477930868736,1320,522
1980,672640509974827008,1018,345
1981,672622327801233409,1357,531
1982,672614745925664768,1278,635
1983,672609152938721280,1162,417
1984,672604026190569472,1167,435
1985,672594978741354496,1385,650
1986,672591762242805761,991,359
1987,672591271085670400,762,202
1988,672538107540070400,1073,399
1989,672523490734551040,679,187
1990,672488522314567680,1163,473
1991,672482722825261057,1191,653
1992,672481316919734272,741,131
1993,672475084225949696,1510,759
1994,672466075045466113,1415,583
1995,672272411274932228,6767,3627
1996,672267570918129665,1561,657
1997,672264251789176834,1195,371
1998,672256522047614977,2945,1679
1999,672254177670729728,1487,788
2000,672248013293752320,1803,649
2001,672245253877968896,716,167
2002,672239279297454080,938,343
2003,672231046314901505,1925,1078
2004,672222792075620352,818,228
2005,672205392827572224,2368,1244
2006,672169685991993344,1059,396
2007,672160042234327040,908,388
2008,672139350159835138,1835,778
2009,672125275208069120,2522,1229
2010,672095186491711488,1039,393
2011,672082170312290304,986,394
2012,672068090318987265,1363,553
2013,671896809300709376,8870,4440
2014,671891728106971137,1388,604
2015,671882082306625538,3630,1475
2016,671879137494245376,1477,738
2017,671874878652489728,1308,591
2018,671866342182637568,1166,538
2019,671855973984772097,957,490
2020,671789708968640512,7402,3745
2021,671768281401958400,1242,561
2022,671763349865160704,1754,985
2023,671744970634719232,1404,827
2024,671743150407421952,769,242
2025,671735591348891648,1509,804
2026,671729906628341761,8954,4693
2027,671561002136281088,13481,7777
2028,671550332464455680,953,224
2029,671547767500775424,1420,638
2030,671544874165002241,2087,1127
2031,671542985629241344,1142,605
2032,671538301157904385,965,429
2033,671536543010570240,1223,436
2034,671533943490011136,1071,617
2035,671528761649688577,877,275
2036,671520732782923777,1464,576
2037,671518598289059840,988,312
2038,671511350426865664,1694,777
2039,671504605491109889,7384,3796
2040,671497587707535361,965,477
2041,671488513339211776,1059,507
2042,671486386088865792,608,225
2043,671485057807351808,793,249
2044,671390180817915904,1486,792
2045,671362598324076544,1168,314
2046,671357843010908160,419,156
2047,671355857343524864,499,119
2048,671347597085433856,1014,464
2049,671186162933985280,774,233
2050,671182547775299584,1173,371
2051,671166507850801152,913,383
2052,671163268581498880,1739,1188
2053,671159727754231808,392,89
2054,671154572044468225,753,233
2055,671151324042559489,701,164
2056,671147085991960577,699,247
2057,671141549288370177,1224,700
2058,671138694582165504,977,433
2059,671134062904504320,786,209
2060,671122204919246848,3663,2716
2061,671115716440031232,1410,826
2062,671109016219725825,1200,472
2063,670995969505435648,1155,312
2064,670842764863651840,25721,9419
2065,670840546554966016,620,210
2066,670838202509447168,1168,744
2067,670833812859932673,466,133
2068,670832455012716544,768,237
2069,670826280409919488,5833,4386
2070,670823764196741120,809,203
2071,670822709593571328,635,104
2072,670815497391357952,3335,1668
2073,670811965569282048,1181,289
2074,670807719151067136,1202,525
2075,670804601705242624,2064,1011
2076,670803562457407488,354,93
2077,670797304698376195,761,256
2078,670792680469889025,873,295
2079,670789397210615808,692,254
2080,670786190031921152,630,216
2081,670783437142401025,857,422
2082,670782429121134593,1658,845
2083,670780561024270336,811,309
2084,670778058496974848,341,77
2085,670764103623966721,1128,456
2086,670755717859713024,467,121
2087,670733412878163972,1007,542
2088,670727704916926465,870,393
2089,670717338665226240,1274,535
2090,670704688707301377,795,399
2091,670691627984359425,615,258
2092,670679630144274432,785,312
2093,670676092097810432,261,45
2094,670668383499735048,11256,5426
2095,670474236058800128,1605,820
2096,670468609693655041,367,90
2097,670465786746662913,1017,595
2098,670452855871037440,573,222
2099,670449342516494336,1244,720
2100,670444955656130560,7029,2112
2101,670442337873600512,679,207
2102,670435821946826752,1100,562
2103,670434127938719744,1475,695
2104,670433248821026816,337,121
2105,670428280563085312,1458,681
2106,670427002554466305,541,175
2107,670421925039075328,1379,692
2108,670420569653809152,656,335
2109,670417414769758208,593,344
2110,670411370698022913,2146,975
2111,670408998013820928,586,240
2112,670403879788544000,453,171
2113,670385711116361728,583,231
2114,670374371102445568,774,289
2115,670361874861563904,340,71
2116,670338931251150849,447,118
2117,670319130621435904,4045,1327
2118,670303360680108032,443,147
2119,670290420111441920,739,310
2120,670093938074779648,1090,360
2121,670086499208155136,727,269
2122,670079681849372674,2340,1350
2123,670073503555706880,1641,853
2124,670069087419133954,666,268
2125,670061506722140161,801,371
2126,670055038660800512,702,355
2127,670046952931721218,677,191
2128,670040295598354432,787,117
2129,670037189829525505,616,300
2130,670003130994700288,346,99
2131,669993076832759809,337,90
2132,669972011175813120,463,173
2133,669970042633789440,316,65
2134,669942763794931712,528,180
2135,669926384437997569,393,112
2136,669923323644657664,246,62
2137,669753178989142016,843,428
2138,669749430875258880,285,70
2139,669684865554620416,547,95
2140,669683899023405056,410,117
2141,669682095984410625,369,142
2142,669680153564442624,700,309
2143,669661792646373376,844,469
2144,669625907762618368,3708,1929
2145,669603084620980224,995,394
2146,669597912108789760,539,162
2147,669583744538451968,1561,996
2148,669573570759163904,458,154
2149,669571471778410496,1664,1070
2150,669567591774625800,244,61
2151,669564461267722241,405,131
2152,669393256313184256,380,82
2153,669375718304980992,1402,776
2154,669371483794317312,517,192
2155,669367896104181761,481,169
2156,669363888236994561,657,248
2157,669359674819481600,384,133
2158,669354382627049472,2851,1364
2159,669353438988365824,678,277
2160,669351434509529089,467,203
2161,669328503091937280,1061,445
2162,669327207240699904,603,125
2163,669324657376567296,517,221
2164,669216679721873412,948,412
2165,669214165781868544,463,180
2166,669203728096960512,1060,513
2167,669037058363662336,683,329
2168,669015743032369152,775,395
2169,669006782128353280,600,266
2170,669000397445533696,21841,6817
2171,668994913074286592,462,251
2172,668992363537309700,786,377
2173,668989615043424256,714,350
2174,668988183816871936,949,511
2175,668986018524233728,577,181
2176,668981893510119424,567,331
2177,668979806671884288,832,376
2178,668975677807423489,1370,626
2179,668967877119254528,157,25
2180,668960084974809088,740,257
2181,668955713004314625,296,74
2182,668932921458302977,281,62
2183,668902994700836864,332,106
2184,668892474547511297,414,163
2185,668872652652679168,551,317
2186,668852170888998912,471,175
2187,668826086256599040,459,150
2188,668815180734689280,598,289
2189,668779399630725120,738,400
2190,668655139528511488,554,231
2191,668645506898350081,944,580
2192,668643542311546881,927,569
2193,668641109086707712,1129,569
2194,668636665813057536,1092,517
2195,668633411083464705,2973,1756
2196,668631377374486528,750,343
2197,668627278264475648,334,122
2198,668625577880875008,411,140
2199,668623201287675904,1514,838
2200,668620235289837568,210,45
2201,668614819948453888,639,337
2202,668587383441514497,1737,1157
2203,668567822092664832,258,61
2204,668544745690562560,544,245
2205,668542336805281792,484,227
2206,668537837512433665,259,78
2207,668528771708952576,490,238
2208,668507509523615744,341,114
2209,668496999348633600,429,143
2210,668484198282485761,446,250
2211,668480044826800133,482,159
2212,668466899341221888,925,548
2213,668297328638447616,648,315
2214,668291999406125056,261,34
2215,668286279830867968,526,148
2216,668274247790391296,869,246
2217,668268907921326080,583,256
2218,668256321989451776,1363,658
2219,668248472370458624,1041,520
2220,668237644992782336,6497,3043
2221,668226093875376128,322,113
2222,668221241640230912,531,214
2223,668204964695683073,579,205
2224,668190681446379520,682,207
2225,668171859951755264,516,205
2226,668154635664932864,515,334
2227,668142349051129856,582,303
2228,668113020489474048,696,262
2229,667937095915278337,1336,845
2230,667924896115245057,313,119
2231,667915453470232577,218,58
2232,667911425562669056,515,323
2233,667902449697558528,881,392
2234,667886921285246976,1974,1158
2235,667885044254572545,852,519
2236,667878741721415682,406,126
2237,667873844930215936,657,433
2238,667866724293877760,3127,1093
2239,667861340749471744,251,83
2240,667832474953625600,296,68
2241,667806454573760512,1093,526
2242,667801013445750784,341,100
2243,667793409583771648,723,350
2244,667782464991965184,429,256
2245,667773195014021121,241,59
2246,667766675769573376,466,233
2247,667728196545200128,390,159
2248,667724302356258817,510,338
2249,667550904950915073,0,35
2250,667550882905632768,0,33
2251,667549055577362432,6037,2424
2252,667546741521195010,345,134
2253,667544320556335104,904,555
2254,667538891197542400,212,71
2255,667534815156183040,853,568
2256,667530908589760512,493,257
2257,667524857454854144,1769,1180
2258,667517642048163840,384,199
2259,667509364010450944,7046,2237
2260,667502640335572993,554,228
2261,667495797102141441,550,291
2262,667491009379606528,553,237
2263,667470559035432960,270,101
2264,667455448082227200,199,66
2265,667453023279554560,322,95
2266,667443425659232256,815,613
2267,667437278097252352,470,254
2268,667435689202614272,319,87
2269,667405339315146752,484,229
2270,667393430834667520,204,59
2271,667369227918143488,380,170
2272,667211855547486208,511,253
2273,667200525029539841,643,276
2274,667192066997374976,404,114
2275,667188689915760640,770,440
2276,667182792070062081,14881,6521
2277,667177989038297088,195,57
2278,667176164155375616,632,481
2279,667174963120574464,257,86
2280,667171260800061440,229,95
2281,667165590075940865,2776,1210
2282,667160273090932737,264,65
2283,667152164079423490,49073,17953
2284,667138269671505920,4768,2338
2285,667119796878725120,342,133
2286,667090893657276420,342,130
2287,667073648344346624,419,130
2288,667070482143944705,86,14
2289,667065535570550784,171,49
2290,667062181243039745,223,56
2291,667044094246576128,194,52
2292,667012601033924608,463,235
2293,666996132027977728,252,100
2294,666983947667116034,2640,1028
2295,666837028449972224,844,572
2296,666835007768551424,221,82
2297,666826780179869698,261,101
2298,666817836334096384,535,260
2299,666804364988780544,246,94
2300,666786068205871104,789,505
2301,666781792255496192,398,203
2302,666776908487630848,361,180
2303,666739327293083650,240,68
2304,666701168228331520,443,226
2305,666691418707132416,190,49
2306,666649482315059201,905,597
2307,666644823164719104,236,86
2308,666454714377183233,533,216
2309,666447344410484738,105,22
2310,666437273139982337,129,50
2311,666435652385423360,167,54
2312,666430724426358785,322,201
2313,666428276349472768,168,86
2314,666421158376562688,320,116
2315,666418789513326592,127,47
2316,666411507551481857,454,334
2317,666407126856765440,112,42
2318,666396247373291520,170,88
2319,666373753744588802,192,95
2320,666362758909284353,788,581
2321,666353288456101888,227,74
2322,666345417576210432,303,143
2323,666337882303524864,201,95
2324,666293911632134144,513,363
2325,666287406224695296,151,68
2326,666273097616637952,178,79
2327,666268910803644416,105,36
2328,666104133288665088,14531,6744
2329,666102155909144576,80,13
2330,666099513787052032,159,71
2331,666094000022159362,166,76
2332,666082916733198337,120,45
2333,666073100786774016,328,172
2334,666071193221509120,152,64
2335,666063827256086533,486,225
2336,666058600524156928,114,58
2337,666057090499244032,301,143
2338,666055525042405380,444,258
2339,666051853826850816,1240,864
2340,666050758794694657,134,59
2341,666049248165822465,109,40
2342,666044226329800704,304,143
2343,666033412701032449,126,46
2344,666029285002620928,131,48
2345,666020888022790149,2526,518
